x=>(0:25370,25406,55250,55407,55410,57843,79851,79854,81890,99881,99904,104887,143599,217928,226323,233897,251673,251696,251738)
y=>(0:7289,8155,13391,13775,13834,14454,15063,15103,18625,18756,18770,20138,23601,25371,25412,25423,25428,39671,45104,45143,45152,45247,49749,53911,63766,64763,64799,66093,66121,66395,66526,68176,73276,73710,81903,81929,82350,82463,82652,83692,88935,92784,93975,94089,94204,94977,95047,95209,95236,95264,95577,108611,129306,129344,137106,149547,149608,150239,150254,151134,151345,152354,152558,157944,158047,158059,163465,168673,168686,168709,168796,168834,168854,168880,168901,168918,168935,168944,168979,168996,169070,169155,169167,169192,169214,169378,169391,169425,169461,169470,169489,169593,169624,169717,169754,169778,169835,182492,183934,192192,192228,192246,198852,201885,207167,207216,207238,207268,207311,207372,207377,207428,221454,233439,233469,235782,243406,243520,254078,254186,254328,254343,268236,268797,269030,286087)
z=>(0:25372,25434,40342,40444)
zoellick=>(0:122697,138170)
ý=>(0:4218,5718,6297,8375,9547,10280,12365,14040,14878,15096,16479,16583,18792,21155,28721,30165,30404,32012,33684,36330,36375,38126,38588,38713,42636,43749,45598,45886,46752,48629,49086,49902,51254,51609,52338,52390,53781,54122,54274,54331,54367,54559,54587,54639,54866,55315,57611,58826,58845,63064,63408,63757,66027,67060,68583,69364,69582,69625,70684,73506,74986,76781,76844,77039,77589,77815,78091,81208,82127,83212,83315,83390,83860,86453,87089,87683,87772,88060,88179,88343,88463,91501,96223,100309,103589,104979,105221,106318,109800,109872,109925,109951,110120,110300,110430,110439,110449,110490,110519,110627,110681,110722,111773,115128,116774,120241,120741,127147,128531,129959,130187,132591,133318,134779,135627,137305,138675,140588,140902,142680,143279,145376,145423,146228,148025,149429,154648,154671,158870,160245,161021,163983,166670,167099,168062,168638,172292,174179,180365,180569,180664,182642,184066,184554,184750,186420,186513,186603,186810,187193,189172,189301,191910,192524,193283,193591,193652,194730,194769,196826,198035,198493,200680,204322,206312,208580,208786,209026,210470,210553,211678,211728,211826,212429,218133,221831,222889,223055,225275,227199,231099,233905,233950,235186,235229,243243,243677,244622,245135,245368,245372,245388,245459,245467,245950,246890,246898,247905,248810,249815,249925,249940,250904,251060,253903,255391,255503,255857,255862,255872,255959,261600,261671,262241,266266,267803,269381,269418,270726,271504,271639,275083,275499,276926,277204,277209,280284,285744,286763,287157,287481,288390)
xức=>(0:25001)
xướng=>(0:18033,82066,166913,236587,247786)
zenit=>(0:227216,227245)
z501=>(0:67643)
ximăng=>(0:249163)
xang=>(0:264238)
xanh=>(0:42,377,1197,1268,1288,1344,1383,1501,10295,10317,12460,18638,18812,26482,28438,28439,45040,45422,55469,55483,57333,57877,58959,67097,72183,79920,84665,102368,117535,130300,130686,132512,137767,138320,138343,138388,138502,138717,138768,139808,140169,140367,140402,140590,143362,143399,160280,167536,180738,180800,195663,220291,238885,248981,249499,249749,260472,265906,281466,281709,289072)
yury=>(0:31366)
yuri=>(0:225919)
xoạng=>(0:16474)
zusammenarbeit=>(0:72094)
xavi=>(0:281132)
yangon=>(0:198944)
xương=>(0:16692,73587,134450,157370,247010,265974)
xoáy=>(0:7038,32931,199458,227882,230562)
xoài=>(0:236691)
zealand=>(0:187502,187541,187549,187595,187620,187650,187688,187728,187786,187936,187958,187981,188020,188071,188132,188142,188196,188228,188243,251152,251165,251303,266938)
x120e=>(0:6007,6060,6196,6520)
x120=>(0:5769)
xdrive50i=>(0:80793)
xttm=>(0:106074)
zenvo=>(0:260347,260392,260454,260473,260610,260629,260715,260752,260768,260798,260804,260810)
yahoo=>(0:76898,76941,81080,81119,81334,81526,245671,261691)
xao=>(0:14128,67626,120322,139198,162983,246882,264356,265884)
xay=>(0:26785,26860,26929,181636,288707)
x1=>(0:87950)
x5=>(0:31873)
x6=>(0:79794,79819,79838,79866,79925,79947,79997,80034,80062,80087,80108,80129,80346,80413,80449,80850,80951,81006,81053)
xa=>(0:25,7723,8256,10669,12895,15929,17568,21236,28455,28955,29216,32125,37502,39577,39987,43777,46082,49100,49102,51848,55793,56052,58164,63336,74442,76005,76281,76853,79017,79309,81572,81878,81946,81975,82278,88628,90231,90460,90529,91350,95159,95188,95280,97974,98018,98348,124241,125846,129412,139717,166758,171160,176008,180151,183891,194189,197621,197664,197988,198187,198225,198270,202658,203055,203080,203445,203516,203630,214384,222604,222903,222951,224455,226743,229384,229519,229699,230292,233636,234453,241831,242587,242949,243443,248946,249291,249850,250568,262448,264996,265250,265782,266548,268571,269508,272921,273819,275920,280103,280360,284554,288952)
xd=>(0:62278,62280,62282,62284)
xe=>(0:1494,1972,8730,20516,20605,20657,21015,21063,21241,21312,21398,23330,23367,24614,27088,27122,27129,27141,27165,27173,27175,27181,27205,27220,27226,27238,27278,27343,28632,31408,31455,31475,31549,31637,31646,31686,31709,31741,31798,31829,31876,31909,31955,32057,32087,32110,32153,32186,32207,32296,32347,32410,32453,32485,32518,32539,32579,32601,32640,50027,51642,54179,54197,54232,54243,54251,54260,58363,58392,58413,62997,63019,63269,63305,63441,63499,63510,63893,66244,66251,70564,79762,79815,79877,80066,80426,80463,80559,80593,80630,80657,80777,80885,80918,80978,81012,98747,98757,98762,98862,102884,102890,102903,102930,102939,102957,102979,111121,111131,111159,111184,111192,111219,111226,111235,111241,111266,111280,111290,111303,111314,111319,111324,111375,120445,120987,121064,121071,121195,121202,121221,121223,121228,123906,131283,131287,131329,131349,131894,131919,132019,132045,132052,132069,132082,132103,137858,137872,137883,137947,137979,138715,138766,138775,138780,140030,140379,141791,141803,141812,141827,141838,163200,163224,163235,163247,163629,164441,164495,164726,164862,164906,164932,164972,165069,166565,169956,170251,171894,171976,172038,172063,172115,172175,172198,172943,173023,173049,173057,175951,176417,183476,183530,183771,184857,187375,194765,197409,205656,205718,205736,205754,205758,205773,205882,205939,206057,211750,211894,213983,214475,214628,214641,214699,214721,214755,217031,217208,217223,217252,217360,217384,217407,218407,218414,218434,218752,218762,218807,218820,218827,218873,218895,218908,218919,218927,218963,218969,218986,219019,219028,219204,219254,224745,228746,228862,229114,229211,229291,229300,229348,229351,229456,231604,231763,232096,232112,237482,237492,237511,237525,237540,237546,237562,237570,237600,237614,237629,237635,237651,237661,237667,237685,237692,237730,237748,237752,237774,241504,241803,243704,243834,243999,244018,244050,244053,244097,244102,244111,244152,244175,244186,244203,244225,244273,244333,244354,244393,244408,244412,244423,244448,244477,244573,244579,247639,247673,247734,249622,249634,249645,250900,250903,250978,251059,251128,251656,251664,251685,251717,251750,251786,251818,252758,252763,252772,260346,260407,260412,260444,260547,260620,260737,260803,260815,260828,262317,262530,262575,262582,262626,262632,262636,262671,262675,262729,262747,262755,262792,263716,263871,265467,267141,267611,267966,267974,267996,268612,268636,268660,275677,283618,284836,284892,284915,284951,285001,285016,285061,285091,285122,289030)
xh=>(0:15288,15447,15494)
xi=>(0:83233,83336,83411,97667,97691,104486,104519,104541,104577,104705,104761,104832,104891,105014,106523,119353,139378,174437,188737,214762,241752,241768,244552,251105,255089,283427)
xda=>(0:62222,62246,62272,62371,62476,62504,62564)
xn=>(0:237260)
xo=>(0:101974)
xp=>(0:12,35,85,134,153,248,1607,1639,34725)
xu=>(0:5428,5751,5898,6792,29582,29686,47096,47434,49007,61524,61815,61903,62010,65012,74419,76208,87204,119313,121304,123495,123608,126938,128186,128366,128516,128595,129062,130001,130580,130909,130945,130985,136753,137142,137206,138700,139787,140063,140180,143055,144879,145657,145682,146262,147457,155893,159574,170178,170508,172639,173930,184675,191627,205054,225060,225619,232560,232607,233090,242386,246850,274796,277287,277710,277856,282862,282894,282953,283522,283558,283664)
xv=>(0:133979)
xx=>(0:11255,109657)
yg=>(0:172712,172812,173147,173242,173359)
yu=>(0:198541)
xen=>(0:12000,25291,46093,166137,186433,229654,237357,274979,275674,288856)
xem=>(0:437,543,1478,2188,3502,6677,8143,9917,11888,12743,18677,19974,23816,24858,24908,25186,25528,28263,28284,30683,33068,35314,35330,38011,40123,48466,49769,51037,51209,51291,52169,53077,55163,55526,58641,59098,59511,61768,64565,68213,68450,68876,68916,69576,70669,71467,71599,71703,72196,72310,82346,82518,82563,91634,103901,103970,104010,105654,105789,105946,106078,106201,106348,106483,106621,106755,106865,106987,108978,110013,113185,116781,123741,123864,124955,128286,131257,137568,139824,140125,142596,143211,146970,149839,150110,150159,151883,160203,160623,161342,162934,164827,164887,173067,175512,179508,180421,184093,188976,188989,189272,189365,189435,190247,193352,194461,195146,195379,199024,201143,206426,207819,208243,208484,214290,214314,215924,217433,221675,224546,226242,226409,235912,238866,239032,239938,245071,246159,246707,253016,253542,254721,262787,263406,264745,267893,275557,278797,278822,282299,282736,283729,283751,285748,286414,286697,288439,288642)
xà=>(0:12913,24096,63719,63833,63972,64060,98697,166483,241922,258991,259001,259085,259315)
xá=>(0:57306,57332,57606,126893,248439,278372,278395,278413,278469,278486,278548,278576,278586,278644,278650,278661,278671,278719,278803,278843)
xã=>(0:3164,4071,8357,8408,14669,15182,16055,16159,16182,18223,20503,21711,21883,21908,22307,22640,24936,26042,26108,26345,35774,36530,36714,38947,39382,40218,43672,44603,46710,49097,49182,50305,50309,54071,54191,54295,54521,54580,54928,54981,55310,58247,58286,59221,59226,59276,59484,59555,59741,60246,62848,62878,63610,64016,73121,73796,75048,76128,76131,76137,76235,76253,76313,76333,76380,76415,76459,76698,76724,76797,76833,76858,76935,76981,76995,77047,77064,77088,77130,77137,77190,77209,77222,77253,77322,77436,77933,78202,81211,81550,84238,84354,84379,84671,84785,86016,86908,89844,90138,90189,90304,90399,90873,92416,92445,92451,92455,92466,92573,92858,92870,93261,97508,97524,97527,97574,97577,97647,97726,97780,98081,98128,98713,98789,98815,98903,99014,99113,99123,99169,99263,99289,99577,99683,99695,99741,100682,101003,101184,104325,104399,104870,104962,106801,113711,117187,117407,119627,122978,123133,124610,124821,125545,131916,131968,135402,137127,138254,139709,140625,143299,143310,145029,145116,145162,145243,145298,145358,145404,145451,145489,146722,147292,147346,147388,147552,147566,147703,147743,147827,147975,148393,148409,148434,148467,148659,148798,150152,150821,151002,151130,151231,151600,151865,155732,155767,157323,157418,161296,161322,161453,161888,163401,164311,168669,172330,175914,176310,176822,176971,176974,177250,177641,182009,182136,182297,182324,188755,188837,188923,189002,189017,191654,191779,192215,194563,194659,195031,195152,195322,195512,200036,203040,203125,203366,211653,221138,228097,233284,235491,236434,239791,239819,239884,241598,241682,241817,242423,242424,242477,242486,242674,242732,243022,245575,246520,247065,247517,249251,256945,272362,272464,273196,273413,273544,278494,278640,281904,281926,282793,282984,286798,287706,287790,287885,287921,287942,287996,288041,288290,288323)
xé=>(0:175877,203311,204603,282107)
xê=>(0:206938,220243)
xì=>(0:37903,37933,38031,38061,38070,46689,46928,264869)
xí=>(0:49255,55573,112301,117131)
xô=>(0:16496,32770,33086,48213,70447,105379,134945,166878,168431,185276,196141,205168,211359,235298,262769)
xù=>(0:162538,170096)
yê=>(0:45179,45254,95229)
xii=>(0:15751,123881,148705,148806,148886,189329)
xin=>(0:9584,13620,18248,19093,21029,21872,25337,25625,30926,37439,38722,46551,50171,58312,59314,59512,65446,81055,83798,88815,99812,99948,109497,117882,139165,145962,155627,155664,159566,160508,167087,168786,169641,177485,182552,188689,189666,189679,194251,194770,194977,195552,202935,203258,204248,204338,206090,207175,207184,207203,207254,207283,207335,207366,207404,207436,207468,211052,211072,211158,211715,228549,235138,236426,241371,248223,248480,250009,250180,250652,250664,253902,256406,256817,256833,263727,263872,276088)
xiv=>(0:97698,133978)
xiếc=>(0:138100)
xình=>(0:179605,225244,225634)
xơ=>(0:15220,18063,18838,29268,45186,45666,152308)
xuyên=>(0:2214,5153,6349,7965,8039,8098,20027,38760,45052,47612,50715,51635,61307,62588,75163,85626,92582,97984,125957,126200,148158,148577,150448,152570,152619,154646,154824,166486,177067,186140,197324,198501,199077,214993,216219,223647,223721,244651,248614,250395,263187,263278,263608,265168,265281,269627,272479,288190,288364)
xoa=>(0:21666,29018,198766,221754,285211,285306)
xiếu=>(0:177009,177040)
young=>(0:159271,226584,274497)
xoá=>(0:22089)
xte=>(0:35092,35097)
xua=>(0:9840,32858,162950)
xui=>(0:68890)
xum=>(0:164045,176090)
xung=>(0:16964,17026,17379,35132,35176,41335,59425,65232,65695,67178,79875,80971,99031,111596,119606,122289,152441,161894,165554,167724,184366,184765,192814,208746,250328,259183,259984)
xxi=>(0:70993,124519)
xxx=>(0:205707)
xuâ=>(0:95085)
xuê=>(0:164046,176091)
xyz=>(0:245510)
yan=>(0:171516)
xưởng=>(0:22688,49684,50296,108813,110190,137981,143580,166271,244485)
xích=>(0:24579,61300,119135,203620)
zavod=>(0:262664)
yen=>(0:116264,131443,131452,131540,131582,131620,133720,143993,144003,144021,144124,144158,144167,144178,146552,253223,253264,253298,253348,275965)
you=>(0:5290,220013)
xvii=>(0:89447,89453,90051)
yun=>(0:225928)
yvo=>(0:143134)
zp90kce=>(0:38663)
zew=>(0:277213)
zhu=>(0:260852)
zil=>(0:262462,262494,262541,262633,262648,262653,262660,262713,262724,262759)
zynga=>(0:35733)
zahau=>(0:67891,67934,67973,68023,68071,68170,68217,68307,68333,68406,68465,68480,68534,68537,68580,68588,68590,68618,68650,68723,68724,68807,68892,68902,68922)
xêút=>(0:71769,71807,71840,71861,71903,71928,72053,72155,72205)
yasser=>(0:70628,70681)
xủng=>(0:238140)
yanping=>(0:13163)
zr144kc=>(0:38660)
yelena=>(0:24086)
xài=>(0:7861,7879,165005,209801)
xào=>(0:28332,29377,113483,113563,229366)
xác=>(0:8525,12997,13038,18867,22133,28003,29013,29269,30873,33107,36993,49484,50199,53569,56524,67485,67759,68448,72375,72523,72793,73964,75563,75608,75867,75881,75980,79757,82840,82877,83045,83054,85355,85385,85526,85697,86376,86652,86658,86874,86971,87450,87749,87935,88014,88433,88488,88598,89413,90154,91628,100628,103349,109120,110814,110881,110950,111016,111080,120454,121141,126393,127788,135810,137601,148938,154950,156114,157447,157810,157866,157976,158105,162835,163482,163572,164651,165006,165293,165748,168290,169705,171706,172083,182644,184491,187822,193076,194666,195096,195122,195275,195292,209091,209102,210280,210384,211841,211963,211975,214006,214154,214169,226733,235192,236714,236891,237152,237182,237188,237299,238608,246948,251408,256324,256665,258010,258252,259581,264087,265539,268545,268582,268868,271014,271044,277285,282409,283930)
xán=>(0:9292)
xám=>(0:790,827,68384,117548,186093,187335,187389,206268,265970)
xáo=>(0:212211,281076)
xát=>(0:181637,211360)
yellowstone=>(0:66084)
xâm=>(0:37678,55708,69192,74712,74890,89593,90095,121587,134469,134641,134905,141973,142057,142074,222450,285531)
xây=>(0:2088,3107,17501,21714,30494,30518,35633,40313,42684,42759,42792,42969,43365,43808,43992,44221,44307,44335,44361,44751,44801,50588,50836,51081,52727,52783,53029,54442,54604,54735,55951,56207,57550,57887,57904,59716,59955,60008,71438,77332,77560,77673,78066,78671,79108,79461,84244,84579,84610,84637,84654,84698,84704,84750,85906,85933,89012,89680,90209,90489,90687,91549,91995,92289,92585,92615,92634,92662,92798,92820,92838,92845,92855,93132,93240,93251,93983,94753,94830,95087,95367,97382,97746,97769,99293,99716,102654,102733,104846,105267,105288,105509,106329,106693,108439,108808,108887,108904,108947,109278,112327,115192,116063,116207,116212,116271,119147,119640,121601,124995,125186,126070,126090,126390,126530,126665,126858,133727,133841,135103,135237,135617,136914,136982,137700,138850,138908,139612,140650,140685,140779,140792,142648,142716,142740,143385,146559,146673,148688,149225,152463,153910,153963,154029,154088,154272,154353,154389,154649,154769,154786,154898,155179,155830,158608,160692,160735,163980,164012,164030,167434,169841,169928,170022,170061,170082,170159,171492,171911,172046,172058,172088,175025,175260,175280,175622,176387,178294,178480,178602,178611,178824,179025,179033,182669,188474,188742,189159,189477,189557,194685,194702,194723,198841,198932,199941,201425,202220,204676,211013,211229,211446,217825,217854,218212,219840,221244,224380,224721,224800,229601,230367,232333,236591,237396,241748,242777,243551,248976,249430,250822,254280,254376,254517,255642,255670,256873,258147,258157,270402,271437,273474,273894,274191,275284,275364,275576,275598,276932,276940,282030,282119,282384,282692,282714,282947,284339,284367,284583,284707,287815,287857,287890,287984,288005,288069,288241,288666)
ỳ=>(0:109731)
xén=>(0:265945)
xét=>(0:19488,19673,28864,31810,46792,48688,51038,51210,51292,60984,61013,61060,61102,61210,68390,68864,70837,72311,74167,82764,83193,83264,91635,112775,113256,124956,128223,130970,134233,135981,137560,142597,143212,146971,149840,150111,150112,150160,151028,151256,152287,152393,152495,157223,158350,158390,158420,160624,169152,175513,179509,188977,188990,189273,189366,189436,191165,196919,207820,208244,208485,212028,215474,227407,232914,233261,233444,238960,242941,248654,255187,255788,262788,278370,278407,278713,278798,278801,278823,278838,278841,282737,283752,287976,288440)
xtreme=>(0:35098)
xước=>(0:6687,46420,99763)
xít=>(0:121470,263681,263925,264334,266033)
xíu=>(0:29069,58236,279354)
xuân=>(0:18351,20504,26304,26430,39240,46789,49161,50399,51421,54907,54946,64017,107844,117821,117995,118017,118069,118160,118338,118375,118827,119324,119595,128302,137338,142188,142326,155143,155323,155327,155346,166129,166200,180654,180809,203930,205953,236560,236766,236800,239421,246358,256623,256706,257204,262949,266108,275827,278515,278518,278558,278725,278818,283823)
xòe=>(0:26492)
xóa=>(0:7044,60466,73107,75934,76006,106811,106853,122629,147545,193965,195388,227554,228355,230987,262014)
xóc=>(0:61342,80517)
xói=>(0:131472,237369)
xóm=>(0:8355,16179,19400,26120,49095,59378,112120,192081,211236,211243,211409,227367,227413,269262,269379,269502,279777,288866)
xót=>(0:19270,21915,21960,196087,196427,202686,202724,203926,265249)
youngdong=>(0:219931)
xôi=>(0:28956,43778,265685,265783,268572)
xôn=>(0:14127,67625,120321,139197,162982,246881,265883)
xúc=>(0:3316,7864,9282,9296,9345,13524,30323,37788,41377,51904,53949,56419,56435,56502,56567,56929,56999,59154,63109,63321,79003,90765,91752,104048,105605,108865,118067,118926,126152,136816,141303,142708,146066,147826,155070,155162,155424,158788,158812,161774,164364,170850,175154,187460,194748,197926,199680,202513,208657,217939,218119,218153,231818,233830,242929,244895,247942,255988,256698,256722,258699,258769,264774,265318,265748,265885,270696,271165,272179)
xúp=>(0:264209)
xúy=>(0:246225)
xuôi=>(0:19693,127099,237473)
xylen=>(0:166321)
xứng=>(0:31420,70674,118315,137436,137688,145630,146529,180875,181144,224944,243915,272752,281640,281986,282710)
xăm=>(0:17569,198871,229520)
xuýt=>(0:285210,285305)
zscaler=>(0:74918)
yên=>(0:62,14106,30043,45514,46531,58594,61100,61132,64394,80868,94946,100954,106387,110312,131600,140321,140800,148491,159278,164380,165924,172682,178380,178381,183361,183846,184842,184869,185564,185968,194551,196048,196174,199973,210065,210101,210116,210212,210350,210447,223361,224192,229356,231823,239170,239183,247067,250220,266803,266809,266817,266821,266826,275611,282206)
yêu=>(0:3550,4607,4644,5570,6915,6934,6974,6989,7050,7066,7592,8734,9028,11828,17331,17421,18810,19129,19162,26947,31769,31877,37412,37428,45944,46540,49556,50603,50762,54780,57452,59632,61515,61709,62059,64258,64297,64410,64917,65334,66166,66234,66263,66284,68435,68601,68623,68625,70341,71207,71756,72230,75129,75955,81028,83970,84030,84370,87069,92306,92308,92311,92727,93008,95239,97138,98529,98535,98583,101880,102598,102689,102933,102976,103040,103824,105038,105133,105312,108261,110836,110903,110972,111038,111055,111102,115548,116698,121421,123887,123938,135155,135854,144969,145193,145844,146335,147880,149063,149159,149232,149467,157129,157503,160437,161991,162490,162501,162595,166861,169769,171477,175403,175491,176574,179401,184814,185437,186646,187806,187847,189865,189930,189943,190082,190094,190428,190485,190505,190609,192211,192834,196183,197243,197264,197270,197291,197334,197473,197482,197574,197577,197636,197727,197850,197871,197899,197948,197959,198037,198078,198147,198177,198183,198384,198416,199055,199127,199147,199182,199203,199217,199233,199318,199329,199341,199398,199419,199555,199741,202797,203712,203792,204840,205909,207194,207730,207756,208614,208939,210144,210487,210687,211334,212305,212623,218082,218397,222303,222570,222701,222870,223029,223179,223341,226092,235649,238517,245044,245843,245942,245945,246281,247716,250241,251553,253997,256319,256788,256863,260400,263235,265568,265572,265591,265853,266201,269976,271155,271162,271978,273246,273248,273910,273959,274301,274367,275252,275997,276050,276105,276114,276125,276192,278708,279328,279333,279337,280067,280092,280488,280516,282712,285436,287949)
xiii=>(0:63120,148731,149483,188688,189170,189616,189678)
zoom=>(0:55736,55766,55995,56025,217100,217105,217138,230947)
xoẻng=>(0:238141)
zubitsky=>(0:31162)
xinh=>(0:7096,7100,7571,12556,21795,26692,55146,55148,55154,55156,61280,98779,189993,230926,250121,268775,272376,279624,279875)
z800i=>(0:62320,62400,62533)
xoắn=>(0:24880,37622,37662,38285,38328,38649,38919,79971,80048,219115,260508,260537,260568)
yøµ=>(0:7386,7405,7424)
yohan=>(0:24218)
xách=>(0:5359,5699,7469,7480,30037,101689,101719,170193,170239,225834,246703,262207,262215,262322)
xăng=>(0:80015,80690,80845,106308,108219,109334,139761,139776,139782,140508,140701,140721,159774,219073,241802,241892,243863)
yeltsin=>(0:262551)
yingluck=>(0:34035,34377,34492,190970,190989,191058,191128,191173,191190,191212,191252)
yersin=>(0:156654)
zhukhovsky=>(0:177812)
xạ=>(0:18176,26347,26396,40881,163338,229922)
xả=>(0:38810,41229,41272,41285,41433,41508,41576,41617,41805,61444,121055,121081,129542,138670,138690,139009,140675,142178,143169,173708,243974,249195,249226,250790,250991,255914,255970,255991,256032,265152,265838)
xẻ=>(0:191437)
xế=>(0:31398,31443,31996,79895,205879,214561,214574,214603,243664,243727,243825,249632,249728,268634,268655)
xỉ=>(0:2099,3112,31412,32461,77013,124406,131618,159947,159958,194688,214385,215918,220840,224456,230293,242708)
xỏ=>(0:187021,206091)
xổ=>(0:176380)
xở=>(0:269192,269331)
xứ=>(0:10626,25939,26116,50020,106618,117609,163439,198574,199960,233626,265129,265794,268280,268586)
xử=>(0:1395,2348,2358,2371,2401,5317,6096,6123,15589,34759,34786,34800,34821,34839,34847,34873,34879,34916,34942,34986,35021,35042,35081,36841,40234,40574,40675,41511,42587,45873,55194,55224,55323,55345,55435,60985,61014,61061,61103,61211,68511,75355,75701,82481,83524,90362,97290,101372,101475,101785,101792,116181,121697,123947,124876,131425,138206,138668,138694,139014,139155,139187,140226,140265,140285,140314,140654,140671,140689,140806,140851,141076,141133,141773,142720,143174,143190,144697,148564,148632,149105,149354,151029,151257,152939,157224,158239,158351,158391,158421,165454,172240,172307,174206,175361,175477,175663,175718,189195,192482,192554,205930,206113,207668,207850,208524,211370,212029,212483,213141,213259,213272,218230,218483,218607,220084,224297,226796,231857,231862,233262,233445,244661,244788,244842,244855,244862,244985,245100,245142,246165,246174,252796,253003,254264,254484,255020,255909,256337,260033,265421,275994,276045,276187,279762)
zr84kc=>(0:38657)
xông=>(0:279462,281075)
zp137kce=>(0:38665)
yong=>(0:193115)
yesasia=>(0:173172)
youtube=>(0:6675,76769,76939,77262,166754,166789,166802,166853,166897)
xưng=>(0:12726,70651,164463,164480,164792,164809,235141,268805,274462,283875)
york=>(0:35814,121247,172568,172577,201983,220632,228520,230108,244037,253726,266792,274693,274717,276440,277341,277431)
zawi=>(0:73836)
xekong=>(0:78563)
xuồng=>(0:175965,231908)
yamaoka=>(0:234991,235003,235022)
xiêu=>(0:117778,222431)
xuyến=>(0:103188)
xưa=>(0:10550,10628,10654,11244,11397,48906,51891,109964,117808,152018,176569,183700,203569,229006,229929,233482,238276,247866,275007,275592,288724)
xuống=>(0:1119,9342,16657,18762,25510,25896,28328,29101,31560,32103,32575,33307,33574,34262,34306,34642,45931,47674,47688,48220,48540,48558,50648,53821,53945,54116,55227,58863,69046,69111,72945,80231,80586,80761,81337,98750,98865,99178,99247,107104,107151,111541,111795,114508,117800,118144,118673,121305,121796,121977,122417,122561,125325,129139,129166,129470,129482,130724,130791,131587,133080,133090,153647,154017,159505,159792,168073,171960,171970,172102,172118,176791,193384,196099,196387,196424,196812,196893,196939,200786,201228,204489,205022,208154,212332,215504,222710,229515,229622,229774,229780,230016,238208,241868,242475,262340,264343,264852,265002,265028,266666,266777,266847,268637,268702,269150,269449,269465,272833,274818,274837,276431,276454,276466,277092,277351,278211,278231,279083,279174,281004,283576)
xạc=>(0:28333,29378,229367)
xảo=>(0:217085)
xảy=>(0:1251,3290,19031,24477,24577,27071,27809,27844,28180,41273,46762,47466,50323,50679,60894,63637,64038,66058,68227,68299,68401,68460,68636,71707,73544,74080,79251,79292,85627,88217,99149,103601,112122,130372,137992,148246,148578,153330,155594,161699,164602,166191,166578,167450,171914,172123,172163,177807,189939,192809,195507,207273,213773,215014,231615,235907,237498,237587,246187,249715,256797,258602,258694,258862,263364,276036,276178,276698,278446,278760,279316)
xất=>(0:287642)
xấp=>(0:2098,3111,31411,32460,77012,124405,131617,159946,159957,215917,220839)
xấu=>(0:32908,42044,45282,45311,45348,45356,51616,54091,72927,96906,123792,145272,159751,173699,173990,175816,184204,203857,208347,219367,219474,223261,240964,245350,247384,252185,263900,279193)
years=>(0:26658)
xoay=>(0:15944,19724,26030,55740,55796,55802,55805,55963,55966,55970,55999,56055,56061,56064,56219,56222,56226,80815,104182,196233,242552,269191,269330)
xẩy=>(0:55655,55686)
xắn=>(0:12557,26693,61281,279625)
xuất=>(0:277,768,962,1236,1579,3063,5392,5398,5407,5434,5462,5505,5523,5637,5837,7321,7337,7351,13294,13306,15352,15625,19329,22670,23156,24175,26199,26295,26616,28222,29322,29838,30005,31794,32445,33048,33483,33702,33948,33962,34089,34118,34151,34159,34244,34255,34285,34289,34330,34347,34356,34446,34565,34628,35349,35736,36708,37602,38815,38902,40305,41062,41073,41351,41411,41734,41841,42596,42635,42648,46868,49111,49373,49448,49745,50800,53044,53109,53281,55357,56453,57283,59166,60028,62796,62807,62937,62972,62977,63808,68128,70806,71087,78183,78250,78260,79061,79376,80178,82803,82999,87407,88000,90446,90637,92088,95698,96626,96643,96652,96754,97114,97217,97448,98030,98053,98152,98185,98218,98272,98612,100053,100420,100459,101491,103246,105518,106262,106337,107664,107838,107854,107866,107899,107930,107967,108028,108041,108056,108091,108127,108161,108227,108793,109085,109112,109191,109245,109277,109357,110602,110644,111586,112157,114819,114831,114894,115046,116836,117130,117163,117507,117989,119773,120216,120761,120841,120971,121181,121207,121318,121884,122258,122782,124145,124156,124184,124229,124288,124328,124559,124573,124896,124905,124936,124986,125013,125883,125904,126136,126621,126721,126793,127083,129930,130166,130626,130821,131236,131268,131282,131328,131347,131481,131488,131628,133840,137493,137498,137646,137741,137869,137980,137989,138626,138650,138847,138861,138886,139262,139324,139354,139440,139580,139609,140199,140206,140220,140523,141841,142053,142610,142963,142982,143226,143579,143598,143976,145644,146672,147445,147462,147471,147763,147767,147772,148202,148206,148227,148279,148306,148309,148375,149940,149979,151708,151796,151831,151846,151912,152470,153368,153397,153398,153515,157107,157855,158427,158441,158477,158495,158511,158730,158736,158799,158858,159746,162250,162341,162858,163001,163438,165157,165245,166273,166792,167914,170018,170287,170621,170629,171276,172304,172348,172972,173716,175732,178264,178605,180987,181470,181483,181517,181540,181702,181732,181744,181752,181772,181826,181842,181852,181863,183276,184269,184690,186246,186378,187065,187180,188813,190477,192285,199735,200039,200615,200649,205658,205727,206146,206718,206810,207799,209928,210724,210821,214062,216570,216645,216681,216769,216806,216879,216920,216954,217073,217820,219732,220299,220642,220702,221343,221799,221849,222716,225576,226044,226297,228091,228272,228336,228534,228859,228986,230230,232632,233143,233165,233231,234538,234569,234595,234624,234652,234680,234714,234724,234787,234810,234830,234861,234885,234891,234908,234933,234938,236634,236751,236758,236879,237127,238112,238289,240523,240643,240693,240814,240878,240890,240901,240974,241002,241049,242632,243325,244484,244834,245458,249814,250347,250911,252449,254202,254543,255041,255323,255727,256445,258787,258841,258871,258918,259065,260410,260701,260760,261098,262090,262651,262670,262695,262728,262775,262814,263745,266573,272319,272858,275080,276840,280858,281033,281067,282829,284102,285560,286823,287173,287410,287419,287494,287527,287779,288590)
xong=>(0:14263,16511,16512,16539,17254,18534,22808,23214,46998,51119,63940,84246,104000,116594,164135,164867,168915,169171,169335,183652,183761,189913,190218,196209,196280,198321,199611,210296,211895,211914,212080,212102,241359,245242,257943,258149,258159,259419,261912,273628,285784,288784,288923)
xẻo=>(0:241923)
xếp=>(0:582,13068,13104,13129,20578,20607,23735,25917,25924,25977,30944,31177,31310,31347,31390,32883,33196,33240,33874,59019,63175,63473,63525,69679,80678,81107,81217,81237,81296,81392,82692,85026,88550,102044,103864,103939,103999,110473,123543,123693,138647,150710,167123,172757,178717,180318,182674,205330,207030,217421,218859,247694,248261,248274,250617)
zedi=>(0:229595)
ygeshop=>(0:173149)
xỉu=>(0:157828,203283)
xiêng=>(0:264428)
xịn=>(0:7108,7115)
xịt=>(0:58867)
yes24=>(0:225793,225818,225959,226000,226031,226084,226120,226144)
xốc=>(0:63829)
xốn=>(0:264237)
xối=>(0:61443,230520,230581)
xộn=>(0:231567,232265,232403)
zeitung=>(0:155688)
yếu=>(0:1683,2148,2222,10401,10487,19065,20665,27808,27843,33660,33764,36193,39408,40613,41765,43435,46358,61529,61820,62013,67431,67833,68896,68924,72656,74213,74247,86233,97487,101129,103831,104945,115038,116291,118730,123271,123304,126465,127382,128123,129545,130049,132177,133747,134042,135193,135664,135934,136103,136610,136756,137867,138556,142969,143564,146087,146311,146579,146766,147717,151537,153124,153151,154312,155913,162300,162347,164110,171533,173471,174271,175387,175402,175433,175781,175832,177542,179346,181806,184898,189140,190833,197537,198006,199427,200751,201506,202529,205449,206242,206284,214342,214987,223565,223572,224931,226545,238554,244744,244762,245868,249519,249788,251688,253156,253703,257529,258202,262797,264404,264589,264683,264685,266882,266893,268455,270921,271339,273766,280925,282261,283377,283756,285908,286643,286654)
yết=>(0:35754,36121,60713,89369,113289,113402,125393,130959,130998,131119,132762,133025,133282,133859,135250,172421,172472,172499,174331,179775,179828,215588,238041,267705)
yến=>(0:18212,18892,18910,18977,19051,19219,19272,19604,19747,45425,97752,97775,202640,202764,202800,202826,202860,202873,202912,202928,202993,203005,203116,203150,203199,203227,203275,203282,203317,203324,203328,203361,203368,231693,231904,231933,269147)
zubeida=>(0:73692)
